1

1 2
2 4

 1  2  4
 2  4  8
 4  8 16

 1  2  4  8
 2  4  8 16
 4  8 16 32
 8 16 32 64

  1   2   4   8  16
  2   4   8  16  32
  4   8  16  32  64
  8  16  32  64 128
 16  32  64 128 256

   1    2    4    8   16   32
   2    4    8   16   32   64
   4    8   16   32   64  128
   8   16   32   64  128  256
  16   32   64  128  256  512
  32   64  128  256  512 1024

   1    2    4    8   16   32   64
   2    4    8   16   32   64  128
   4    8   16   32   64  128  256
   8   16   32   64  128  256  512
  16   32   64  128  256  512 1024
  32   64  128  256  512 1024 2048
  64  128  256  512 1024 2048 4096

    1     2     4     8    16    32    64   128
    2     4     8    16    32    64   128   256
    4     8    16    32    64   128   256   512
    8    16    32    64   128   256   512  1024
   16    32    64   128   256   512  1024  2048
   32    64   128   256   512  1024  2048  4096
   64   128   256   512  1024  2048  4096  8192
  128   256   512  1024  2048  4096  8192 16384

